1	1	27	k
1	36	72	k
1	483	489	k
1	509	684	e
1	685	686	e
1	785	820	e
1	942	948	e
1	972	988	e
1	1546	1580	k
1	1586	1668	k
1	1675	1801	k
1	1822	1906	k
1	2175	2188	i
1	2869	2883	k
1	2924	2933	k
1	3023	3024	k
1	3059	3090	k
1	3185	3243	k
1	3255	3281	k
1	3297	3401	k
1	3448	3455	k
1	3467	3478	k
1	3500	3642	k
1	3708	3855	k
2	1	8	e
2	214	216	e
2	245	263	e
2	812	845	k
2	931	1098	k
2	1118	1160	k
2	1181	1286	k
2	1316	1336	k
2	1346	1396	k
2	1454	1463	e
2	1676	1690	e
2	1719	1728	e
2	1839	1842	e
2	1908	1910	e
2	2093	2110	u
2	2401	2423	k
2	2430	2477	k
2	2604	2613	e
2	2984	2992	i
2	3368	3373	e
2	3800	3806	k
2	3871	3873	e
2	4016	4028	k
2	4052	4066	e
2	4114	4116	k
2	4322	4329	e
2	4476	4477	e
2	4545	4559	e
2	4564	4565	e
2	4566	4567	e
2	4570	4626	e
2	4868	4872	k
2	4975	5012	k
2	5033	5040	k
2	5179	5188	k
2	5236	5251	u
2	5304	5341	k
2	5761	5765	i
2	6392	6403	i
2	6890	6897	e
2	6900	6909	k
2	6923	6925	e
2	6927	6938	e
2	6963	6972	k
2	6974	6975	k
2	6996	7011	k
2	7012	7013	k
2	7014	7030	k
2	7031	7039	k
2	7048	7049	k
2	7085	7177	k
2	7204	7210	k
2	7297	7374	k
2	7481	7483	u
3	103	121	e
3	198	262	e
3	275	301	e
3	302	303	e
3	325	345	e
3	346	347	e
3	354	388	e
3	1462	1465	i
3	1682	1692	k
3	1781	1796	k
3	1849	1850	k
3	1872	1879	k
3	1901	1917	k
3	2386	2392	u
3	2729	2738	i
3	2780	2782	i
3	3131	3169	k
3	3279	3295	k
3	3593	3606	k
3	3639	3654	k
3	3730	3740	e
3	4019	4027	i
3	4179	4220	e
3	4238	4321	e
3	4466	4483	e
3	4487	4492	e
3	4495	4538	e
3	4621	4624	e
3	4663	4670	e
3	4866	4873	i
3	5038	5052	e
3	5107	5131	e
3	5159	5176	u
3	5427	5432	e
3	5517	5542	e
3	5745	5754	e
3	5785	5794	e
3	6003	6007	e
3	6009	6053	e
3	6078	6103	e
3	6114	6140	e
3	6176	6208	e
3	6232	6372	e
3	6943	6998	k
3	6999	7000	k
3	7044	7078	k
3	7079	7095	e
3	7215	7235	u
3	7324	7377	u
3	7414	7433	i
3	7488	7499	k
4	440	465	k
4	510	518	k
4	574	585	k
4	687	723	i
4	750	880	i
4	1003	1014	k
4	1658	1661	u
4	1748	1765	k
4	1848	1852	e
4	2238	2243	u
4	2587	2670	k
4	2810	2814	e
4	3430	3447	k
4	3480	3512	k
4	3533	3551	k
4	3575	3582	k
4	3605	3631	e
4	3656	3685	k
4	3700	3712	k
4	3752	3768	k
4	3816	3834	k
4	3924	3926	k
4	3967	3996	e
4	4125	4151	k
4	4221	4227	k
4	4255	4282	e
4	4319	4342	k
4	4422	4427	k
4	4463	4475	k
4	4521	4598	k
4	4987	5044	e
4	5088	5107	e
4	5204	5206	e
4	5207	5213	e
4	5214	5215	e
4	5231	5246	k
4	5255	5261	k
4	5280	5307	e
4	5402	5424	i
4	5447	5465	i
4	5486	5500	i
4	5516	5540	i
4	5558	5568	k
4	5684	5693	i
4	5694	5695	k
4	5738	5741	i
4	5752	5765	i
4	6848	6855	u
4	6947	6964	k
4	7040	7071	k
4	7101	7130	k
4	7154	7162	i
4	7334	7341	u
4	7386	7400	u
4	7407	7417	e
4	7453	7456	e
4	7457	7458	e
4	7459	7461	e
4	7471	7473	k
4	7499	7500	e
5	1911	1925	k
5	2464	2473	k
5	2556	2601	k
5	2619	2653	i
5	2671	2762	k
5	2859	2888	i
5	2921	2924	i
5	3140	3165	u
5	3185	3400	e
5	3414	3415	e
5	3429	3530	k
5	3531	3557	e
5	3577	3585	k
5	3586	3646	k
5	3950	4064	k
5	4066	4075	k
5	4076	4100	k
5	4103	4134	k
5	4135	4150	k
5	4350	4354	k
5	4528	4561	i
5	4657	4692	k
5	4774	4829	k
5	4851	4934	k
5	5010	5019	k
5	5130	5144	i
5	5395	5410	i
5	5474	5480	i
5	5570	5579	k
5	5599	5616	k
5	5938	5939	i
5	5980	5987	i
5	6050	6108	k
5	6238	6248	e
5	6484	6491	i
5	6755	6756	k
5	6761	6774	k
5	6998	7049	k
5	7070	7095	i
5	7152	7174	k
6	1	7	k
6	176	185	i
6	512	519	k
6	540	656	k
6	1123	1129	k
6	1164	1175	k
6	1202	1246	k
6	1269	1571	k
6	1601	1615	k
6	1626	1770	k
6	1777	1848	k
6	1883	2258	k
6	2275	2289	k
6	2380	2407	k
6	2452	2483	k
6	2533	2566	k
6	2623	2757	k
6	3242	3248	u
6	3591	3592	k
6	3593	3594	k
6	3595	3610	k
6	3689	3708	k
6	3710	3717	k
6	3719	3760	k
6	3976	4003	i
6	4086	4098	k
6	4814	4840	k
6	4936	4937	k
6	4940	4941	k
6	4995	4998	k
6	5529	5543	k
6	5574	5622	i
6	5718	5724	k
6	5728	5886	i
6	5908	5936	k
6	5985	6008	k
6	6144	6159	k
6	6390	6469	k
6	6512	6607	k
6	6618	6641	k
6	6661	6693	k
6	6728	6730	k
6	6731	6744	k
6	6769	6780	k
6	6804	6815	k
6	6835	6965	k
6	7100	7101	e
6	7129	7143	k
6	7228	7255	k
6	7315	7352	k
6	7387	7414	k
6	7432	7500	k
7	405	407	k
7	413	473	k
7	531	564	k
7	611	623	i
7	1236	1273	k
7	1385	1391	i
7	1420	1421	e
7	1571	1577	k
7	1618	1619	k
7	1638	1639	k
7	1640	1641	k
7	2168	2170	k
7	2290	2297	k
7	2469	2593	k
7	2615	2643	k
7	2648	2649	e
7	2660	2726	e
7	2739	2743	e
7	2802	2820	k
7	3122	3127	k
7	3376	3421	k
7	3434	3454	k
7	3455	3464	k
7	3687	3712	k
7	3753	3764	k
7	3987	3997	i
7	4095	4217	k
7	4490	4505	k
7	4532	4542	k
7	4573	4617	k
7	4705	4787	e
7	4851	4870	e
7	4910	4912	k
7	5263	5296	k
7	5308	5341	k
7	5372	5379	k
7	5405	5464	e
7	5510	5640	i
7	5705	5726	k
7	5748	5760	i
7	5792	5801	k
7	5911	5926	i
7	6027	6034	k
7	6750	6769	k
7	6883	6894	e
7	7479	7487	k
8	314	350	k
8	774	798	k
8	835	929	k
8	936	973	k
8	982	1021	e
8	1034	1035	i
8	1040	1127	k
8	1936	1939	k
8	1966	1971	e
8	2143	2144	i
8	2202	2206	e
8	2227	2232	u
8	2255	2256	e
8	2257	2259	e
8	2682	2688	i
8	2928	2939	i
8	2965	2972	e
8	3040	3042	e
8	3066	3067	u
8	3202	3203	e
8	3225	3226	e
8	3308	3310	e
8	3403	3409	i
8	3430	3455	e
8	3535	3550	k
8	3561	3673	e
8	3685	3735	k
8	3860	3861	k
8	4196	4208	k
8	4225	4226	e
8	4287	4297	e
8	5989	6012	e
8	6288	6306	e
8	6653	6658	i
8	6766	6767	e
8	6952	6961	e
8	7372	7377	u
9	281	287	u
9	754	758	e
9	759	764	e
9	948	973	i
9	1570	1582	e
9	1584	1586	e
9	1587	1625	e
9	1637	1639	k
9	1640	1641	k
9	1744	1753	i
9	2062	2078	e
9	2251	2256	e
9	2257	2266	e
9	2413	2418	k
9	2707	2717	u
9	2799	2837	e
9	2839	2842	i
9	2843	2857	e
9	2861	2863	e
9	2864	2865	e
9	2872	2873	e
9	3357	3359	i
9	3376	3377	e
9	3379	3398	e
9	3426	3450	e
9	3711	3740	i
9	3965	3967	e
9	4012	4019	e
9	4020	4021	e
9	4278	4288	u
9	4438	4456	k
9	4491	4495	e
9	4571	4573	e
9	4822	4829	k
9	4835	4860	e
9	4867	4908	e
9	4911	4916	e
9	5031	5045	e
9	5053	5090	e
9	5095	5100	e
9	5101	5146	e
9	5285	5302	e
9	5329	5340	e
9	5372	5392	u
9	5393	5421	e
9	5425	5427	e
9	5697	5725	e
9	5812	5823	e
9	5843	5847	k
9	5848	5850	k
9	5896	5902	k
9	6104	6110	e
9	6113	6117	e
9	6189	6204	e
9	6227	6228	k
9	6229	6232	e
9	6329	6344	e
9	6470	6477	e
9	6478	6479	e
9	6508	6511	e
9	6536	6563	k
9	6574	6575	k
9	6576	6594	e
9	6596	6600	e
9	6617	6620	k
9	6645	6666	i
9	6667	6668	i
9	6692	6693	e
9	6695	6710	k
9	6711	6714	k
9	6732	6741	e
9	6763	6765	k
9	6994	7036	e
9	7061	7062	k
9	7063	7069	e
9	7070	7079	u
9	7082	7084	i
9	7086	7109	i
9	7148	7154	k
9	7302	7303	k
9	7343	7378	i
9	7407	7465	e
10	374	375	i
10	420	444	i
10	496	502	k
10	681	701	k
10	965	967	k
10	991	1060	k
10	1079	1119	k
10	1130	1166	k
10	1538	1548	k
10	1620	1762	e
10	1795	1893	e
10	1919	1938	i
10	1987	1998	i
10	2030	2039	k
10	2077	2094	i
10	2156	2158	i
10	2284	2285	i
10	2344	2353	i
10	2380	2386	i
10	2508	2565	k
10	2575	2585	i
10	2605	2607	k
10	2656	2660	k
10	3315	3324	e
10	3598	3606	k
10	4018	4025	k
10	4062	4079	k
10	4107	4119	e
10	4165	4166	e
10	4168	4171	u
10	4172	4191	k
10	4201	4211	e
10	4216	4465	i
10	4472	4552	i
10	4561	4574	i
10	4627	4687	k
10	4707	4737	e
10	4764	4765	e
10	4780	4818	e
10	4833	4861	k
10	4948	4951	k
10	4957	4973	k
10	4989	5012	k
10	5023	5036	k
10	5252	5297	e
10	5315	5325	e
10	5356	5371	i
10	5623	5637	k
10	5761	5819	k
10	5844	5855	k
10	5878	6020	k
10	6182	6196	k
10	6421	6468	k
10	6488	6495	i
10	6517	6566	i
10	6645	6670	i
10	6676	6798	k
10	7011	7012	k
10	7013	7014	k
11	1	17	i
11	657	718	k
11	722	742	k
11	743	746	k
11	747	748	k
11	1038	1049	k
11	1116	1129	e
11	1233	1315	i
11	1405	1413	i
11	1438	1472	k
11	1510	1517	k
11	1566	1586	i
11	1614	1663	i
11	1676	1783	i
11	1805	1824	i
11	1878	1894	k
11	1902	1949	k
11	1969	1977	k
11	2032	2051	k
11	2119	2129	k
11	2158	2171	i
11	2176	2263	i
11	2285	2301	i
11	2438	2443	i
11	2468	2485	i
11	2530	2531	i
11	2558	2584	k
11	2616	2978	k
11	2989	3038	u
11	3060	3178	k
11	3358	3441	k
11	3461	3471	i
11	3479	3482	i
11	3529	3532	i
11	3815	3996	k
11	3997	4003	e
11	4006	4058	k
11	4119	4129	i
11	4168	4205	k
11	4257	4332	k
11	4344	4345	k
11	4444	4455	i
11	4813	4833	i
11	4878	4888	i
11	4975	5043	i
11	5075	5079	k
11	5104	5119	k
11	5606	5633	i
11	5656	5658	i
11	5659	5660	i
11	5691	5693	k
11	5735	5751	k
11	5779	5821	i
11	5845	5900	i
11	5922	5929	i
11	6079	6088	i
11	6329	6353	i
11	6480	6518	k
11	6539	6612	k
11	6675	6707	e
11	6891	6894	k
11	6926	6944	i
11	6961	6962	k
11	6963	7001	k
11	7304	7398	k
11	7414	7415	i
11	7453	7489	k
12	606	693	k
12	715	772	k
12	814	870	k
12	1692	1720	i
12	2311	2348	k
12	2353	2410	k
12	2813	2822	k
12	2823	2824	k
12	2912	3042	k
12	3046	3132	k
12	3901	4202	e
12	4226	4240	e
12	4278	4392	k
12	4833	5074	k
12	5208	5224	u
12	5253	5395	k
12	5482	5490	i
12	5526	5554	i
12	5578	5686	k
12	5753	6113	k
12	6136	6159	k
12	6164	6165	k
12	6166	6170	k
12	6462	6545	e
12	6665	6679	k
12	6774	6921	k
12	6948	7035	k
12	7061	7105	k
12	7148	7206	k
12	7246	7281	i
12	7370	7402	k
12	7421	7500	k
13	386	405	k
13	452	601	k
13	892	921	i
13	927	928	e
13	953	955	e
13	973	1020	k
13	1125	1136	i
13	1165	1189	i
13	1462	1483	k
13	1535	1580	e
13	1595	1603	e
13	1870	1872	k
13	2038	2049	k
13	2567	2592	k
13	2634	2707	e
13	2708	2712	e
13	2713	2716	e
13	2738	2767	k
13	2909	2961	k
13	2966	3046	k
13	3058	3132	k
13	3212	3271	k
13	3299	3317	i
13	3348	3360	i
13	3437	3460	i
13	3487	3526	i
13	3555	3573	i
13	3693	3748	k
13	3757	3776	k
13	3789	3816	k
13	3825	3835	i
13	3873	3901	i
13	4328	4337	k
13	4338	4400	u
13	4420	4452	e
13	4496	4538	k
13	4792	4846	k
13	4874	4885	k
13	4913	4965	k
13	4969	4994	e
13	4996	5021	e
13	5038	5063	e
13	5084	5167	e
13	5204	5232	k
13	5288	5325	k
13	5572	5598	k
13	5607	5630	k
13	5642	5748	k
13	6258	6281	i
13	6290	6315	e
13	6320	6345	e
13	6348	6421	k
13	6711	6715	k
13	6741	6747	k
13	6768	6771	k
13	6969	6975	k
13	7007	7099	k
14	254	272	k
14	409	430	k
14	468	482	k
14	486	490	k
14	491	509	k
14	594	602	k
14	636	645	k
14	698	737	k
14	741	742	k
14	743	745	k
14	746	747	k
14	2534	2535	e
14	2745	2747	e
14	2841	2849	i
14	2893	2912	i
14	3093	3104	i
14	3384	3417	k
14	3494	3518	k
14	4591	4647	e
14	5545	5550	u
14	5622	5624	e
14	6023	6027	e
14	6542	6543	e
14	6544	6547	e
14	6548	6551	e
14	6570	6608	e
14	6663	6666	e
14	6682	6696	e
14	6804	6854	e
14	6865	6866	e
14	6912	7007	e
14	7032	7048	k
14	7076	7080	e
14	7094	7095	e
14	7096	7125	e
14	7443	7444	i
14	7447	7448	i
15	736	877	k
15	921	1037	k
15	2554	2613	k
15	2616	2646	e
15	2656	2720	k
15	2790	2804	i
15	3256	3257	k
15	3258	3259	k
15	3308	3430	k
15	3445	3455	k
15	3467	3469	k
15	3499	3520	e
15	3521	3522	e
15	3524	3525	e
15	3526	3527	e
15	3528	3530	e
15	3540	3559	e
15	3588	3611	e
15	3633	3679	e
15	3699	3716	k
15	4086	4136	i
15	5156	5352	k
15	5477	5490	u
15	5659	5672	i
15	6128	6222	i
15	6296	6386	k
15	6442	6451	k
15	6857	6858	k
15	6859	6860	k
15	6862	6864	k
15	6982	7003	u
15	7028	7055	i
15	7075	7148	k
15	7417	7441	e
16	1	92	k
16	174	175	k
16	471	473	i
16	488	494	u
16	1148	1162	u
16	1583	1675	k
16	1698	1700	k
16	1701	1702	k
16	1883	1903	i
16	2017	2096	k
16	2116	2148	i
16	2201	2348	k
16	2395	2420	k
16	3282	3403	k
16	3451	3572	k
16	3594	3649	k
16	3650	3674	e
16	3683	3699	e
16	3700	3729	e
16	3730	3744	e
16	3756	3761	k
16	3781	3784	k
16	4096	4125	k
16	4282	4287	e
16	4288	4349	e
16	4368	4381	e
16	4463	4464	e
16	4466	4479	e
16	4608	4741	k
16	4797	4805	e
16	4970	4976	k
16	5106	5196	k
16	5219	5267	i
16	5298	5406	i
16	5407	5422	i
16	5444	5462	i
16	5463	5487	i
16	5523	5538	e
16	5548	5613	i
16	5634	5645	i
16	5706	5734	i
16	5799	6579	k
16	6580	6629	e
16	6632	7298	k
16	7487	7500	k
17	2339	2343	k
17	2406	2407	k
17	3209	3212	k
17	3267	3269	k
17	3291	3490	k
17	5629	5771	k
17	5802	5829	e
17	5837	5896	k
17	6186	6224	k
17	6394	6411	k
17	6438	6443	i
17	6486	6504	k
17	6524	6631	k
17	6661	6803	k
17	7200	7223	k
17	7410	7500	k
18	408	424	i
18	571	605	i
18	673	710	k
18	793	796	k
18	896	920	i
18	998	1017	i
18	1082	1085	k
18	1281	1293	k
18	1576	1579	k
18	1759	1766	k
18	1808	1812	k
18	1828	1884	k
18	1928	2032	i
18	2085	2121	i
18	2140	2156	k
18	2278	2442	k
18	2461	2495	i
18	2499	2565	i
18	2592	2595	k
18	2725	2889	k
18	3104	3148	u
18	3403	3429	i
18	3517	3529	u
18	3816	3823	i
18	3876	3899	i
18	3923	3931	i
18	4422	4452	k
18	5503	5539	k
18	5588	5608	k
18	5626	5634	k
18	5637	5657	k
18	5697	5761	k
18	5774	5779	k
18	5950	5975	k
18	6038	6053	k
18	6098	6134	e
18	6193	6205	k
18	6245	6273	k
18	6330	6344	k
18	6424	6436	k
18	6470	6473	i
18	6550	6551	k
18	6588	6647	e
18	6667	6673	k
18	6719	6727	k
18	6820	6875	k
18	6951	6953	k
18	7049	7063	k
18	7086	7087	k
18	7259	7414	k
18	7482	7500	i
19	473	476	k
19	515	516	e
19	518	525	e
19	1023	1033	k
19	1411	1413	k
19	1445	1486	k
19	1506	1571	k
19	1605	1616	k
19	1634	1660	k
19	1683	1708	k
19	1756	1769	k
19	1781	1794	k
19	1795	1796	k
19	1977	2043	e
19	2061	2066	e
19	2086	2149	k
19	2347	2355	i
19	2383	2397	i
19	2454	2472	i
19	2499	2505	k
19	2856	2858	i
19	2993	3002	e
19	3003	3023	e
19	3057	3064	e
19	3409	3509	e
19	4304	4363	k
19	4387	4433	k
19	4529	4541	e
19	4542	4543	e
19	4971	5005	k
19	5029	5044	e
19	5151	5157	e
19	5158	5161	e
19	5495	5496	k
19	5497	5523	k
19	5525	5526	k
19	5528	5529	k
19	5538	5557	k
19	5577	5602	u
19	5603	5646	e
19	5793	5806	e
19	5839	5846	k
19	5943	5950	e
19	6227	6239	k
19	6261	6262	e
19	6285	6288	e
19	6322	6469	k
19	6470	6471	k
19	6473	6534	k
19	6535	6606	k
19	6654	6784	k
19	6928	6969	k
19	7050	7061	k
19	7110	7167	i
19	7195	7200	k
19	7221	7348	i
19	7386	7392	k
19	7393	7397	k
19	7412	7500	e
20	1	24	k
20	38	267	k
20	290	332	k
20	362	363	e
20	419	421	k
20	455	467	k
20	929	930	k
20	1282	1296	k
20	1298	1300	k
20	1301	1302	k
20	1303	1317	k
20	1325	1331	k
20	1360	1515	k
20	1525	1565	k
20	1578	1584	k
20	1623	1744	k
20	1800	1833	e
20	1834	1835	e
20	1837	1839	e
20	2042	2064	i
20	2326	2330	i
20	2802	2814	k
20	3421	3430	k
20	3438	3450	k
20	3458	3462	k
20	3469	3539	k
20	3565	3573	k
20	3958	3970	k
20	4006	4030	k
20	4042	4068	k
20	4088	4182	k
20	4286	4299	k
20	4322	4455	k
20	4694	4708	i
20	4812	4952	k
20	5160	5185	k
20	5497	5507	k
20	6023	6030	u
20	6058	6156	k
20	6270	6280	i
20	6394	6419	e
20	6765	6769	u
20	7013	7021	i
20	7064	7084	k
20	7254	7257	k
20	7307	7406	i
20	7449	7461	k
20	7490	7500	k
21	329	330	k
21	398	423	k
21	427	449	e
21	458	464	e
21	466	483	e
21	484	495	e
21	509	575	k
21	585	608	k
21	918	927	e
21	984	1007	e
21	1223	1233	e
21	1434	1451	u
21	1530	1542	e
21	1584	1589	i
21	1786	1808	i
21	1833	2001	k
21	2002	2019	k
21	2020	2025	e
21	2151	2152	e
21	2153	2154	e
21	2160	2161	e
21	2162	2163	e
21	2166	2167	e
21	2168	2171	e
21	2173	2191	e
21	2210	2223	e
21	2295	2310	e
21	2891	2894	k
21	2897	2899	k
21	2900	2908	k
21	2917	2972	k
21	2981	3058	k
21	3087	3101	i
21	3177	3197	i
21	3198	3204	e
21	3223	3230	e
21	3232	3268	e
21	3269	3271	e
21	3286	3306	k
21	3316	3344	e
21	3572	3593	k
21	3598	3610	k
21	3611	3619	u
21	3623	3625	u
21	3635	3636	e
21	3637	3639	e
21	3642	3645	e
21	3688	3691	i
21	3925	3939	i
21	3940	3945	i
21	4025	4051	e
21	4158	4194	k
21	4195	4196	k
21	4222	4255	i
21	4278	4300	e
21	4317	4342	e
21	4362	4402	e
21	4409	4455	e
21	4613	4628	e
21	4630	4631	e
21	4634	4636	e
21	4838	4853	e
21	4856	4892	e
21	4894	4896	e
21	4898	4899	e
21	4942	4944	e
21	4947	4950	e
21	4978	4990	e
21	4992	4993	e
21	5025	5041	e
21	5148	5153	e
21	5163	5183	e
21	5355	5399	k
21	5420	5448	k
21	5456	5482	k
21	5551	5559	k
21	5593	5610	k
21	5635	5683	e
21	5697	5749	e
21	5750	5766	e
21	5902	5905	e
21	6358	6363	e
21	6669	6732	e
21	6733	6743	e
21	6744	6759	e
21	6805	6817	k
21	6866	6881	e
21	6916	6952	e
21	7014	7036	e
21	7038	7049	k
21	7065	7067	e
21	7072	7090	e
21	7100	7130	e
21	7151	7166	e
21	7215	7227	e
21	7228	7229	e
21	7238	7306	i
21	7373	7375	k
21	7377	7379	i
21	7380	7381	u
21	7422	7447	i
22	1	7	i
22	342	375	u
22	585	589	k
22	686	696	k
22	761	772	k
22	1077	1084	k
22	1530	1547	k
22	1548	1624	k
22	1679	1693	k
22	1922	1958	k
22	2077	2091	k
22	2134	2171	k
22	2209	2233	e
22	2286	2299	k
22	2300	2306	k
22	2328	2333	k
22	2515	2680	k
22	2815	2830	i
22	3561	3653	k
22	3669	3776	k
22	3777	3779	k
22	3803	3805	k
22	3881	3929	k
22	4046	4134	k
22	4206	4283	k
22	4284	4303	k
22	4772	4804	k
22	4872	4886	k
22	4920	4934	k
22	5141	5152	k
22	5225	5226	k
22	5251	5272	k
22	5439	5502	k
22	5514	5540	i
22	5649	5661	k
22	5698	5704	k
22	5718	5742	k
22	7432	7437	i
22	7467	7489	e
22	7491	7492	e
22	7494	7495	e
22	7496	7497	e
23	594	689	k
23	699	725	k
23	982	1034	k
23	1163	1209	k
23	1221	1259	k
23	1386	1408	k
23	1449	1456	k
23	1619	1671	k
23	1701	1734	k
23	2095	2107	e
23	2198	2211	i
23	2251	2269	k
23	2293	2311	u
23	2493	2506	u
23	2662	2677	u
23	2911	2920	e
23	2952	2972	e
23	2973	2976	k
23	4498	4527	k
23	4703	4710	i
23	4969	4972	i
23	5395	5396	i
23	5421	5487	i
23	5507	5512	i
23	5727	5737	k
23	6863	6886	k
23	6951	6973	i
23	7069	7075	i
23	7217	7228	i
24	1	33	k
24	62	70	k
24	94	107	e
24	127	251	k
24	284	507	k
24	1213	1230	k
24	1231	1271	k
24	1306	1325	k
24	1546	1596	k
24	1617	1634	k
24	1664	1698	k
24	2015	2025	e
24	2069	2090	u
24	2144	2145	k
24	2198	2262	k
24	2263	2266	k
24	2649	2669	e
24	2738	2750	e
24	2981	3007	e
24	3034	3060	e
24	3214	3251	e
24	3298	3304	e
24	3351	3395	e
24	3408	3417	e
24	3496	3554	e
24	3559	3567	e
24	3694	3697	e
24	3747	3750	e
24	3818	3827	e
24	3831	3859	e
24	3950	3972	e
24	4086	4093	e
24	4143	4144	e
24	4146	4167	e
24	4573	4576	e
24	4748	4750	k
24	4925	4942	u
24	4945	4980	u
24	5007	5096	k
24	5098	5124	k
24	6135	6171	k
24	6452	6455	e
24	6506	6536	e
24	6554	6558	e
24	6561	6565	e
24	6583	6586	e
24	6590	6606	e
24	6658	6660	e
24	6795	6807	e
24	7010	7019	e
24	7096	7104	e
24	7126	7141	e
24	7169	7182	e
24	7305	7315	e
24	7316	7317	e
24	7382	7425	e
24	7428	7434	e
24	7459	7464	e
25	394	396	k
25	1453	1468	k
25	1789	1791	k
25	1792	1802	u
25	1819	1836	e
25	1856	1858	k
25	1860	1870	k
25	1885	1953	e
25	1970	1972	k
25	1973	2045	k
25	2369	2391	k
25	2834	2864	k
25	2868	2975	k
25	2984	3068	k
25	3139	3154	k
25	3177	3327	k
25	3509	3533	k
25	3829	3841	k
25	4399	4404	k
25	4428	4474	k
25	4492	4510	k
25	4539	4548	k
25	4568	4612	k
25	4638	4649	k
25	5012	5033	k
25	5500	5502	k
25	5679	5744	k
25	5768	5803	k
25	5811	5812	k
25	5856	5859	k
25	5873	5878	k
25	5919	5958	k
25	5980	6013	k
25	6068	6069	k
25	6090	6093	k
25	6127	6128	k
25	6149	6195	k
25	6200	6258	k
25	6260	6264	e
25	6266	6316	k
25	6317	6319	k
25	6330	6332	k
25	6364	6367	k
25	6371	6372	u
25	6394	6395	k
25	6397	6408	k
25	7495	7500	u
26	1	131	k
26	170	195	k
26	221	354	k
26	732	772	k
26	820	829	k
26	880	903	k
26	942	972	k
26	1003	1004	k
26	1015	1080	k
26	1105	1153	k
26	1169	1217	k
26	1300	1445	k
26	1465	1593	k
26	1606	1734	k
26	1767	1916	k
26	1951	2003	i
26	2086	2254	k
26	2280	2293	k
26	3569	3586	u
26	3611	3704	k
26	3824	3834	i
26	3960	3961	k
26	4193	4206	k
26	4329	4344	k
26	4774	4777	k
26	4784	4841	k
26	5179	5196	k
26	5478	5487	i
26	5592	5604	i
26	5626	5633	i
26	5659	5666	i
26	5904	5914	k
26	6324	6333	u
26	6362	6447	k
26	6463	6481	k
26	7333	7335	k
26	7455	7500	k
27	1	23	k
27	59	199	k
27	517	532	k
27	550	651	k
27	1538	1545	k
27	1579	1654	k
27	1706	1731	k
27	1755	1761	k
27	2039	2144	k
27	2361	2369	k
27	2393	2416	k
27	2452	2461	u
27	2516	2589	u
27	2611	2667	k
27	2680	2684	i
27	2688	2699	i
27	2993	3000	k
27	3009	3129	k
27	3172	3186	i
27	3240	3317	k
27	3547	3556	k
27	3600	3611	k
27	3641	3714	e
27	4125	4159	i
27	4181	4259	e
27	4270	4301	e
27	4310	4461	k
27	4847	4877	e
27	4879	4953	e
27	4966	4998	k
27	5414	5492	k
27	5495	5589	k
27	5593	5693	k
27	5972	6018	k
27	6723	6752	k
27	6765	6845	k
27	6888	6916	k
27	6943	6944	k
27	6947	6959	k
27	6974	7016	k
27	7394	7414	k
27	7436	7500	k
28	1	20	k
28	21	48	k
28	78	197	k
28	198	219	k
28	221	294	k
28	332	372	k
28	498	509	k
28	666	675	u
28	914	997	u
28	1124	1129	u
28	1191	1192	k
28	1313	1315	k
28	1352	1365	k
28	1565	1569	k
28	1570	1577	k
28	1600	1603	e
28	1605	1606	e
28	1630	1637	e
28	1638	1652	k
28	1653	1654	k
28	2030	2031	k
28	2043	2063	k
28	2093	2094	k
28	3437	3441	u
28	3444	3446	k
28	3490	3497	e
28	3509	3510	e
28	3511	3512	e
28	3517	3518	e
28	3519	3522	e
28	3549	3551	e
28	3553	3554	e
28	3560	3564	e
28	3565	3567	e
28	4202	4209	e
28	4677	4689	e
28	4859	4860	e
28	4865	4868	e
28	4947	4951	e
28	4953	4954	e
28	4957	4958	e
28	4975	4988	i
28	5028	5029	i
28	5030	5034	e
28	5084	5087	e
28	5088	5089	e
28	5144	5150	e
28	5153	5154	e
28	5194	5195	i
28	5200	5203	i
28	5205	5206	i
28	5477	5482	e
28	5483	5494	e
28	5617	5625	e
28	5652	5656	k
28	5738	5741	u
28	5742	5743	u
28	5746	5747	e
28	5748	5774	e
28	5795	5850	k
28	5970	5971	e
28	6133	6134	e
28	6165	6168	e
28	6173	6174	k
28	6231	6246	i
28	6362	6363	k
28	6367	6368	k
28	6933	6939	i
28	7071	7095	e
28	7096	7121	e
28	7149	7174	i
28	7176	7190	i
28	7365	7375	i
28	7419	7424	i
28	7478	7480	k
29	74	116	k
29	118	237	k
29	120	137	k
29	141	233	k
29	519	551	k
29	526	528	k
29	535	536	k
29	538	539	k
29	732	745	k
29	860	861	k
29	862	863	i
29	864	865	i
29	870	873	i
29	874	895	k
29	876	877	k
29	1150	1248	k
29	1156	1248	k
29	1261	1262	k
29	1261	1266	k
29	1263	1265	k
29	1476	1485	e
29	1565	1577	e
29	1567	1577	e
29	1789	1859	e
29	1794	1827	k
29	1828	1859	e
29	1865	1884	k
29	1865	1898	k
29	1885	1886	k
29	1887	1889	k
29	2037	2040	e
29	2039	2040	e
29	2120	2127	e
29	2175	2197	e
29	2175	2198	e
29	2323	2346	e
29	2326	2346	e
29	2592	2603	e
29	2595	2603	e
29	2726	2751	e
29	2967	2970	e
29	2976	2979	e
29	3002	3003	e
29	3004	3005	e
29	3237	3262	e
29	3288	3308	k
29	3288	3311	k
29	3422	3545	k
29	3429	3545	k
29	3548	3552	k
29	3548	3558	k
29	3559	3560	k
29	3607	3608	e
29	3647	3665	k
29	3647	3648	u
29	3649	3650	u
29	3659	3661	u
29	3847	3856	k
29	3854	3855	k
29	3893	3896	e
29	3923	3924	e
29	3925	3929	e
29	3984	3995	e
29	3988	3995	e
29	3998	4037	e
29	4079	4085	e
29	4079	4089	e
29	4087	4088	e
29	4153	4170	e
29	4171	4173	e
29	4178	4227	e
29	4178	4261	e
29	4228	4229	e
29	4230	4259	e
29	4293	4304	e
29	4374	4379	e
29	4413	4435	e
29	4628	4629	e
29	4630	4688	e
29	4934	4956	e
29	4957	4959	k
29	4961	4962	k
29	4989	4996	e
29	5008	5013	e
29	5098	5123	e
29	5153	5181	e
29	5205	5233	e
29	5253	5293	e
29	5396	5398	e
29	5400	5401	e
29	5410	5411	e
29	5440	5442	i
29	5443	5444	k
29	5445	5458	i
29	5496	5499	e
29	5903	5926	e
29	5933	5945	e
29	6130	6131	e
29	6133	6134	e
29	6141	6157	e
29	6159	6160	k
29	6294	6350	e
29	6352	6353	e
29	6394	6411	k
29	6421	6442	k
29	6706	6722	k
29	6751	6760	k
29	6779	6794	e
29	6804	6829	u
29	7109	7134	e
29	7211	7230	e
29	7296	7334	e
29	7345	7471	e
30	420	436	i
30	458	467	i
30	493	501	i
30	788	791	e
30	1647	1662	k
30	1699	1703	u
30	1878	1905	i
30	1922	1949	e
30	2599	2611	e
30	2741	2760	k
30	2762	2763	k
30	2766	2816	k
30	2843	2873	k
30	2966	2982	k
30	3279	3349	u
30	3991	4005	k
30	4642	4658	k
30	4706	4721	k
30	5041	5048	k
30	5438	5469	e
30	5540	5568	e
30	6526	6547	e
30	6945	6950	k
30	7004	7013	k
30	7016	7031	k
30	7278	7303	e
30	7454	7500	k
31	697	705	i
31	1341	1345	k
31	1601	1607	k
31	1635	1642	k
31	1716	1728	k
31	2348	2354	k
31	2414	2417	u
31	2451	2453	e
31	3059	3060	i
31	3061	3071	k
31	3571	3577	k
31	3664	3670	k
31	3775	3793	k
31	3954	3967	k
31	4210	4218	e
31	4866	4872	k
31	4898	4905	u
31	4927	4951	k
31	4954	4963	u
31	5001	5018	k
31	5174	5175	e
31	5363	5366	i
31	5394	5402	i
31	5451	5484	i
31	5794	5800	i
31	5940	5951	k
31	5974	5985	k
31	6261	6268	k
31	6366	6367	k
31	6553	6564	k
31	6778	6793	k
32	15	274	k
32	302	383	k
32	399	421	k
32	426	433	k
32	479	570	k
32	1231	1249	k
32	2283	2328	k
32	2394	2409	k
32	2440	2453	k
32	2459	2463	k
32	2481	2613	k
32	2892	2893	k
32	2894	2899	k
32	2932	3126	k
32	3128	3129	k
32	3339	3345	i
32	3538	3548	e
32	3644	3647	k
32	3648	3650	k
32	4190	4196	e
32	4785	4786	k
32	4788	4789	k
32	4918	4936	k
32	4973	4999	k
32	5025	5045	k
32	5120	5127	k
32	5138	5156	k
32	5169	5202	k
32	5269	5338	k
32	5861	5870	k
32	6089	6096	e
32	6389	6393	k
32	7076	7087	i
32	7354	7366	e
32	7493	7500	i
33	469	526	k
33	4443	4459	u
33	5429	5432	i
33	6328	6348	k
33	6366	6370	e
33	6371	6372	e
33	6390	6391	e
33	6393	6407	e
33	6457	6474	k
33	6679	6703	i
33	7025	7072	k
33	7387	7442	k
34	329	334	i
34	1505	1716	k
34	1725	1727	e
34	1935	2084	k
34	2223	2225	e
34	2400	2402	i
34	2469	2477	k
34	2503	2747	k
34	2755	2879	e
34	3015	3033	k
34	3058	3075	k
34	3106	3110	k
34	3115	3116	k
34	3154	3266	k
34	3437	3617	e
34	3644	3665	u
34	3697	3715	i
34	3746	3756	i
34	3809	3830	i
34	3930	3964	e
34	4136	4148	i
34	4166	4313	e
34	4415	4424	e
34	4785	4791	e
34	4860	4863	e
34	4895	4936	e
34	5070	5077	k
34	5281	5283	k
34	5289	5622	e
34	5636	5846	e
34	5862	5888	i
34	5961	5981	k
34	5983	5986	k
34	6039	6073	e
34	6129	6211	e
34	6214	6215	e
34	6217	6232	i
34	6241	6326	e
34	6351	6430	e
34	6494	6519	k
34	6685	6701	k
34	6702	6703	k
34	6707	6720	u
34	7119	7126	i
34	7155	7163	i
34	7292	7327	e
34	7347	7500	e
35	13	40	k
35	49	175	k
35	198	249	k
35	269	447	e
35	1153	1171	i
35	1182	1254	k
35	1719	1733	e
35	1860	1865	i
35	1946	1949	k
35	2140	2160	i
35	2356	2360	i
35	2415	2416	k
35	2670	2684	i
35	2718	2735	k
35	2770	2806	k
35	3050	3062	i
35	3309	3314	i
35	3315	3317	i
35	3433	3436	k
35	3437	3438	k
35	3492	3597	k
35	3731	3748	k
35	3756	3830	k
35	3831	3839	k
35	3957	3975	k
35	4280	4281	k
35	4288	4327	k
35	4752	4782	k
35	4800	4887	e
35	4966	4978	k
35	4995	5033	i
35	5036	5097	i
35	5148	5191	k
35	5239	5370	i
35	5398	5401	i
35	5443	5452	k
35	5478	5617	e
35	5618	5629	i
35	5630	5631	i
35	5636	5637	i
35	5672	5731	e
35	5783	5816	i
35	5938	5939	i
35	6298	6350	i
35	6372	6398	i
35	6421	6439	k
35	6486	6658	i
35	6711	6719	k
35	6750	6752	k
35	6778	6827	k
35	6841	6852	k
35	6929	6933	k
35	6950	6954	k
35	7199	7237	k
35	7260	7387	k
35	7413	7500	k
36	205	297	k
36	356	373	k
36	784	872	k
36	1494	1519	i
36	1608	1637	k
36	1991	2001	k
36	2067	2075	k
36	2412	2425	k
36	2707	2831	k
36	3161	3182	e
36	3312	3329	k
36	3422	3432	k
36	3529	3612	k
36	3690	3704	e
36	3721	3730	u
36	3766	3767	k
36	3819	3943	u
36	4010	4012	k
36	4039	4236	e
36	4244	4250	i
36	4265	4276	u
36	4413	4423	i
36	4528	4538	i
36	4612	4634	i
36	4770	4861	k
36	4904	4911	u
36	5036	5054	i
36	5105	5169	i
36	5248	5302	i
36	6032	6051	k
36	6065	6146	k
36	6553	6564	k
36	6576	6644	k
36	7335	7500	k
37	27	32	k
37	72	73	k
37	88	104	e
37	123	134	k
37	158	173	k
37	202	277	k
37	298	315	k
37	327	353	k
37	389	391	k
37	404	449	k
37	916	928	k
37	996	1005	k
37	1682	1714	k
37	1778	1781	k
37	2184	2201	k
37	2231	2240	k
37	2324	2367	k
37	2940	2947	i
37	3517	3522	i
37	5021	5032	k
37	5080	5097	e
38	1	21	k
38	327	380	k
38	420	512	k
38	1033	1116	k
38	1123	1141	k
38	1143	1243	k
38	1452	1453	k
38	1455	1456	k
38	1457	1463	k
38	1465	1466	k
38	1467	1473	k
38	1474	1478	k
38	1637	1746	k
38	2867	2970	k
38	2978	3020	e
38	3074	3077	e
38	3088	3168	k
38	4400	4409	i
38	4431	4439	k
38	4461	4573	k
38	4586	4608	i
38	4629	4645	i
38	4673	4753	i
38	4769	5313	k
38	5328	5341	k
38	6490	6495	i
38	6552	6553	i
38	6567	6568	i
38	6570	6575	i
38	6900	6901	e
38	6916	6917	e
38	6918	6920	e
38	6963	6983	e
38	7011	7056	e
38	7059	7076	k
38	7093	7107	i
38	7324	7445	k
39	48	70	u
39	151	193	k
39	553	599	k
39	628	629	e
39	646	661	e
39	669	670	e
39	671	725	k
39	820	827	k
39	868	870	k
39	880	900	k
39	998	1095	e
39	1268	1312	k
39	1339	1345	k
39	1347	1375	e
39	1376	1377	e
39	1378	1416	k
39	1555	1710	k
39	1829	1844	k
39	1889	1942	k
39	1946	1949	e
39	1964	1989	u
39	1997	1998	e
39	2004	2047	k
39	2293	2304	i
39	2569	2580	u
39	2582	2607	e
39	2609	2634	u
39	2678	2697	k
39	2698	2700	k
39	3359	3492	k
39	3556	3662	k
39	3787	3803	u
39	3823	3867	u
39	3885	3922	e
39	3952	3978	e
39	4286	4308	k
39	4319	4330	k
39	4487	4499	k
39	4525	4533	u
39	4586	4611	e
39	4644	4646	k
39	4735	4865	k
39	5018	5032	e
39	5045	5070	e
39	5072	5074	e
39	5081	5106	i
39	5120	5264	k
39	5433	5434	k
39	5435	5489	k
39	5681	5687	i
39	5914	5936	k
39	5984	6009	k
39	6040	6045	e
39	6455	6545	e
39	6546	6572	e
39	6575	6618	k
39	6730	6842	k
39	6849	6868	k
39	6987	7051	k
39	7255	7264	u
39	7310	7316	i
39	7329	7331	u
39	7357	7492	k
39	7493	7499	e
40	2	26	k
40	113	116	i
40	157	164	k
40	552	566	k
40	649	658	k
40	930	1013	k
40	1035	1037	k
40	1039	1050	k
40	1051	1052	k
40	1053	1054	k
40	1055	1057	k
40	1058	1181	k
40	1940	1949	k
40	2005	2036	k
40	2489	2517	k
40	2964	3016	i
40	3064	3086	k
40	3130	3205	k
40	3518	3527	k
40	3603	3615	k
40	3718	3790	k
40	3838	3947	k
40	4032	4044	k
40	4136	4157	k
40	4241	4281	k
40	4367	4374	k
40	4876	4878	k
40	4879	4896	k
40	5015	5033	k
40	5199	5220	k
40	5472	5478	k
40	5516	5539	k
40	5644	5703	i
40	5762	5795	k
40	6448	6461	k
40	6692	6698	k
40	6712	6713	k
40	6714	6722	k
40	6744	6840	k
40	6885	6892	k
40	7112	7131	i
40	7148	7175	k
40	7197	7207	k
40	7230	7289	k
40	7304	7500	k
41	144	167	k
41	213	216	k
41	217	286	k
41	302	303	k
41	304	310	k
41	335	349	k
41	370	395	k
41	477	504	k
41	592	597	k
41	651	704	k
41	809	810	k
41	811	812	u
41	1353	1361	u
41	1815	1823	i
41	2614	2622	u
41	2623	2625	u
41	2805	2822	i
41	3220	3221	e
41	3327	3334	u
41	3460	3462	e
41	3464	3474	e
41	3484	3491	e
41	3570	3571	e
41	4088	4101	e
41	4178	4180	e
41	4182	4208	e
41	4222	4226	e
41	4238	4239	k
41	4250	4251	e
41	4252	4269	e
41	4270	4290	k
41	4312	4337	k
41	4411	4422	e
41	4634	4635	e
41	4773	4789	e
41	5293	5300	e
41	5440	5447	k
41	5604	5623	k
41	5659	5663	k
41	5676	5677	e
41	5919	5953	e
41	6166	6171	i
41	6331	6332	e
41	6335	6354	e
41	6411	6428	e
41	6430	6450	e
41	6451	6452	e
41	6454	6455	k
41	6470	6471	e
41	6473	6479	e
41	6520	6540	e
41	6549	6559	e
41	6560	6588	e
41	6637	6654	e
41	6655	6673	e
41	6774	6776	k
41	6777	6778	k
41	6893	6897	e
41	6898	6918	e
41	7001	7007	e
41	7023	7029	e
41	7030	7054	e
41	7088	7094	u
41	7115	7117	e
41	7118	7124	e
41	7126	7134	e
41	7160	7162	k
41	7240	7242	k
41	7244	7259	k
41	7271	7278	i
41	7284	7286	k
41	7292	7294	e
41	7295	7311	e
41	7312	7318	e
41	7319	7351	k
41	7353	7357	k
41	7390	7433	e
42	250	275	i
42	781	789	e
42	1178	1185	u
42	1211	1212	u
42	2219	2234	i
42	2241	2247	k
42	2321	2330	u
42	2611	2627	k
42	2796	2806	k
42	2831	2845	k
42	2872	2888	i
42	3223	3231	u
42	4041	4045	k
42	4125	4146	k
42	4199	4214	u
42	4332	4472	k
42	4497	4524	k
42	4775	4822	k
42	4838	4851	k
42	5021	5053	k
42	5076	5087	u
42	5135	5138	i
42	5442	5459	k
42	5460	5461	k
42	5462	5472	k
42	5498	5501	k
42	5625	5626	e
42	5821	5835	i
42	5976	6048	k
42	6063	6073	u
42	6408	6419	i
42	6467	6478	e
42	6525	6544	k
42	6924	6948	k
42	7025	7043	k
42	7194	7202	e
42	7213	7214	e
43	88	159	u
43	160	165	k
43	171	172	k
43	173	193	e
43	224	225	i
43	226	230	i
43	231	232	i
43	270	277	i
43	282	283	i
43	312	313	i
43	364	381	e
43	469	470	i
43	528	688	k
43	919	939	i
43	1098	1099	e
43	1113	1128	e
43	1153	1163	e
43	1523	1541	k
43	1589	1651	k
43	1870	2006	k
43	2572	2593	k
43	2618	2716	k
43	2731	2795	k
43	2811	2885	k
43	2928	2948	k
43	2951	2952	k
43	2953	2985	k
43	3202	3221	k
43	3375	3400	k
43	3444	3464	k
43	3496	3497	k
43	3526	3658	k
43	3865	3967	k
43	4345	4354	k
43	4355	4356	k
43	4415	4457	k
43	5415	5433	k
43	5434	5571	k
43	5573	5583	i
43	5591	5610	k
43	5712	5721	u
43	5771	5774	e
43	5787	5807	u
43	6073	6185	k
43	6212	6252	k
43	6258	6276	u
43	6319	6320	k
43	6352	6353	k
43	6354	6358	k
43	6361	6362	k
43	6363	6365	e
43	6378	6393	e
43	6420	6457	k
43	6458	6461	u
43	6465	6543	u
43	6815	6963	k
43	6976	7036	k
43	7308	7309	k
43	7310	7311	k
43	7312	7320	k
43	7374	7400	i
43	7420	7432	u
44	1	204	i
44	254	345	i
44	649	747	k
44	1187	1198	u
44	1215	1271	k
44	1275	1276	e
44	1983	2058	k
44	2071	2131	i
44	2142	2157	i
44	2161	2213	k
44	2218	2240	k
44	2243	2244	k
44	2245	2246	k
44	2247	2466	k
44	2496	2522	k
44	2553	2571	i
44	2594	2776	i
44	2802	2823	i
44	3083	3098	k
44	3982	4044	k
44	4151	4158	i
44	4437	4440	k
44	4441	4520	k
44	4521	4522	e
44	4524	4526	e
44	4527	4572	k
44	5093	5156	e
44	5158	5175	e
44	5180	5182	u
44	5202	5204	u
44	5205	5208	e
44	5216	5242	u
44	5261	5278	u
44	5311	5317	i
44	5396	5398	i
44	5509	5513	i
44	5794	5797	i
44	5884	5898	e
44	6109	6110	e
44	6112	6113	e
44	6114	6115	e
44	6200	6227	e
44	6228	6257	e
44	6265	6275	e
44	6381	6442	k
44	6480	6492	k
44	6493	6494	k
44	6497	6520	k
44	6532	6549	k
44	6564	6582	k
44	6583	6585	u
44	6590	6605	k
44	6625	6648	k
44	6649	6650	k
44	6666	6670	k
44	6671	6675	k
44	6696	6720	k
44	6740	6755	k
44	6759	6790	e
44	6793	6832	e
44	6835	6837	e
44	6846	6866	k
44	6881	6950	k
44	7027	7030	k
45	402	406	k
45	741	746	i
45	785	803	i
45	2930	2950	k
45	3017	3026	k
45	3341	3348	e
45	3586	3587	k
45	3588	3685	k
45	3835	3837	k
45	3838	3839	k
45	3840	3850	k
45	3867	3889	k
45	3907	3926	k
45	3934	3938	k
45	3945	4080	k
45	4109	4119	k
45	4174	4187	k
45	4210	4277	k
45	4309	4374	k
45	4377	4402	k
45	4455	4606	k
45	4636	4643	k
45	4668	4680	k
45	4836	4842	i
45	5510	5664	k
45	5666	5799	e
45	5811	5818	e
45	5825	5855	k
45	5909	5990	k
45	7054	7099	k
45	7109	7121	k
45	7152	7167	i
45	7450	7453	u
46	1134	1169	u
46	1987	2000	i
46	3428	3430	i
46	3993	3995	u
46	4488	4587	i
46	4619	4632	i
46	4713	4722	u
46	6206	6221	i
46	6785	6790	k
46	7182	7223	k
46	7255	7260	k
46	7280	7309	k
46	7452	7455	u
46	7497	7500	u
47	1	332	u
47	402	445	i
47	516	531	i
47	555	564	i
47	582	628	k
47	696	782	k
47	802	871	i
47	940	947	k
47	982	1002	i
47	1109	1137	k
47	1288	1383	k
47	1869	1896	i
47	1920	1953	k
47	1985	1988	k
47	2039	2046	k
47	2084	2098	k
47	2496	2499	k
47	2608	2626	e
47	2920	2937	k
47	3004	3007	i
47	3028	3042	u
47	3076	3093	i
47	3165	3232	k
47	3876	3895	i
47	3982	4110	e
47	4145	4154	k
47	4199	4218	k
47	4295	4301	k
47	4329	4370	k
47	4381	4446	k
47	4833	4898	k
47	4961	5016	k
47	5024	5073	k
47	5090	5142	k
47	5406	5412	u
47	5420	5422	u
47	5508	5574	k
47	5621	5643	k
47	5722	5942	k
47	5964	5996	k
47	6055	6115	k
47	6150	6183	u
47	6210	6221	k
47	6300	6307	k
47	6340	6365	i
47	6387	6418	i
47	6523	6571	k
47	6575	6619	k
47	6633	6645	k
47	6675	6705	k
47	6749	6797	k
47	6941	7032	i
47	7061	7062	k
47	7134	7176	k
47	7200	7228	i
47	7278	7336	k
47	7385	7425	k
47	7476	7500	k
48	13	28	k
48	29	31	k
48	32	33	k
48	34	53	k
48	61	62	k
48	63	181	k
48	634	762	k
48	1699	1772	k
48	1802	1901	k
48	1917	1979	k
48	2018	2121	k
48	2331	2374	k
48	2380	2388	k
48	2405	2450	k
48	2463	2594	k
48	2596	2628	k
48	2645	2715	k
48	6669	6691	k
48	6717	6753	k
48	7219	7235	k
48	7390	7436	k
49	1	24	u
49	25	40	e
49	72	82	e
49	115	122	e
49	254	273	e
49	337	350	e
49	550	557	e
49	715	731	i
49	803	833	i
49	983	994	e
49	1281	1288	i
49	1306	1319	i
49	1450	1470	e
49	1520	1532	e
49	1743	1749	e
49	1781	1794	k
49	2099	2110	e
49	2377	2403	u
49	2566	2571	e
49	2666	2688	e
49	3354	3359	e
49	3422	3429	e
49	3505	3516	i
49	4175	4178	k
49	4232	4250	e
49	4277	4282	i
49	4310	4324	e
49	4473	4500	e
49	4633	4638	i
49	5367	5380	e
49	5656	5672	k
49	5721	5765	k
49	5782	5802	k
49	5889	5918	k
49	5936	5961	k
49	6047	6061	e
49	6137	6152	e
49	6183	6194	i
49	6217	6224	e
49	6248	6255	e
49	6309	6314	i
49	6339	6349	e
49	6635	6639	u
49	7222	7232	e
49	7258	7262	i
49	7289	7307	k
49	7327	7387	k
49	7409	7417	u
50	1	32	k
50	76	95	k
50	99	100	k
50	102	122	k
50	123	124	k
50	128	130	k
50	131	134	k
50	135	146	k
50	296	304	k
50	771	782	e
50	2055	2061	e
50	2849	2856	e
50	2973	2986	u
50	3079	3081	u
50	3763	3774	k
50	3852	3861	k
50	3895	3932	k
50	3946	4080	k
50	4106	4136	k
50	4163	4449	e
50	4606	4612	k
50	4645	4660	u
50	4810	4815	i
50	4878	4910	e
50	4982	5009	u
50	5094	5125	k
50	5245	5379	k
50	5562	5664	k
50	5759	5778	k
50	5803	5852	k
50	5938	5953	k
50	5966	5979	k
50	6014	6027	k
50	6054	6059	k
50	6977	6995	e
50	7423	7443	e
51	1	88	k
51	110	138	k
51	190	272	k
51	297	502	k
51	590	594	e
51	620	628	e
51	711	783	i
51	791	825	i
51	833	859	i
51	1073	1168	k
51	1206	1215	e
51	1220	1249	k
51	1269	1294	e
51	1359	1549	e
51	1657	1660	e
51	1982	2047	i
51	2064	2079	i
51	2097	2220	e
51	2290	2291	e
51	2323	2334	u
51	2368	2419	e
51	2473	2484	k
51	2522	2539	k
51	2582	2626	i
51	2700	2709	e
51	2746	2791	k
51	2841	2856	k
51	2927	3007	i
51	3034	3061	k
51	3109	3114	i
51	3143	3152	i
51	3181	3187	i
51	3952	3968	i
51	4470	4478	k
51	4479	4480	k
51	4506	4507	k
51	5188	5191	k
51	5805	5806	k
51	5869	5891	k
51	6208	6214	i
51	6510	6624	e
51	6804	6833	k
51	6853	6858	e
51	6877	6886	k
51	6956	6999	i
51	7022	7025	i
51	7114	7121	e
51	7240	7259	k
51	7261	7262	k
51	7265	7373	e
52	525	531	e
52	569	570	e
52	667	684	k
52	703	741	k
52	742	778	k
52	868	874	u
52	932	945	e
52	1011	1030	u
52	1310	1320	u
52	1885	1889	e
52	1906	1911	e
52	2274	2281	u
52	2554	2556	k
52	2740	2773	k
52	2801	2802	k
52	2813	2899	k
52	2917	3118	k
52	3120	3166	k
52	3167	3450	k
52	3860	3886	e
52	4290	4294	e
52	4729	4734	k
52	4770	4772	k
52	4876	4887	e
52	5146	5149	e
52	5191	5407	e
52	5408	5409	e
52	5434	5435	e
52	5484	5523	e
52	5524	5525	e
52	5550	5565	e
52	6611	6612	k
52	7029	7032	e
52	7365	7366	i
52	7367	7392	i
52	7426	7488	e
53	1	18	k
53	108	152	k
53	207	323	k
53	609	622	k
53	628	632	k
53	656	658	k
53	679	801	k
53	822	857	k
53	886	900	k
53	1581	1584	k
53	1630	1702	e
53	1792	1842	k
53	1847	1874	k
53	2125	2243	k
53	2638	2647	e
53	3020	3029	u
53	3364	3427	k
53	3932	3954	i
53	3984	4077	k
53	4348	4353	k
53	4375	4388	e
53	4396	4508	k
53	4620	4627	k
53	4645	4659	u
53	4749	4898	k
53	4909	4923	k
53	4945	5015	k
53	5016	5023	k
53	5095	5191	k
53	5282	5296	u
53	5523	5541	k
53	5552	5565	k
53	5607	5608	e
53	5611	5642	e
53	5662	5736	k
53	5827	5957	k
53	6112	6185	k
53	6664	6726	e
53	6733	6773	k
53	6823	6839	u
53	6849	6928	e
53	6935	7004	k
53	7009	7010	k
53	7011	7033	i
53	7260	7327	k
54	19	36	k
54	54	202	k
54	539	540	k
54	542	548	k
54	556	563	k
54	617	683	k
54	799	809	e
54	855	861	u
54	961	1016	k
54	1029	1071	k
54	1072	1077	k
54	1081	1082	k
54	1083	1084	k
54	1086	1087	k
54	1092	1204	k
54	1207	1208	k
54	1219	1364	k
54	1439	1450	k
54	1475	1476	k
54	1477	1481	k
54	1482	1489	e
54	1535	1577	e
54	1614	1617	e
54	1715	1722	e
54	2444	2450	e
54	3312	3320	e
54	3733	3741	i
54	5070	5077	u
54	5141	5194	k
54	5195	5196	k
54	5197	5198	k
54	5417	5434	u
54	6010	6021	i
54	6724	6725	k
54	6727	6734	k
54	7446	7450	i
55	1	8	k
55	25	172	k
55	542	667	e
55	702	711	e
55	737	750	e
55	755	878	e
55	1822	1988	k
55	2013	2015	e
55	2051	2085	e
55	2095	2164	e
55	2165	2166	e
55	2168	2176	e
55	2239	2294	e
55	2312	2341	i
55	2635	2659	i
55	2703	2721	e
55	2741	2757	e
55	3005	3020	k
55	3125	3127	e
55	3128	3131	e
55	3132	3155	k
55	3205	3206	k
55	3207	3214	k
55	3512	3516	e
55	3621	3625	k
55	3627	3687	i
55	3763	3764	e
55	3765	3976	k
55	4131	4149	k
55	4175	4185	k
55	4243	4260	u
55	4274	4296	u
55	4297	4298	u
55	4320	4530	k
55	4566	4601	k
55	5075	5098	k
55	5099	5203	k
55	5518	5643	k
55	5733	5770	e
55	6348	6385	e
55	6428	6450	i
55	6961	7006	k
55	7096	7138	e
55	7155	7197	e
55	7218	7221	e
55	7242	7353	e
56	1	15	e
56	190	227	k
56	228	230	k
56	233	234	k
56	252	253	k
56	259	377	k
56	379	380	k
56	596	598	u
56	603	629	k
56	652	722	k
56	752	763	k
56	805	950	k
56	1449	1461	e
56	1558	1633	k
56	1653	1665	e
56	1666	1682	e
56	1685	1686	k
56	1704	1705	k
56	1706	1718	e
56	1722	1723	e
56	1764	1816	e
56	1910	2034	e
56	2333	2350	k
56	2372	2406	k
56	2492	2493	k
56	2495	2497	k
56	2532	2599	e
56	2600	2602	e
56	2940	2945	e
56	2983	3027	u
56	3028	3029	u
56	3030	3031	e
56	3411	3462	e
56	3468	3565	e
56	3568	3589	e
56	3655	3657	k
56	3672	3766	k
56	3767	3769	k
56	3774	3780	e
56	3794	3818	e
56	3844	3847	k
56	3872	3881	k
56	3940	3947	e
56	4256	4259	k
56	4261	4264	k
56	4340	4349	i
56	4424	4544	e
56	4545	4546	e
56	4555	4564	e
56	4567	4568	e
56	4637	4642	k
56	4653	4656	i
56	5020	5032	k
56	5048	5073	k
56	5100	5125	e
56	5172	5212	e
56	5468	5472	e
56	5473	5476	e
56	5477	5533	e
56	5548	5579	k
56	5624	5649	e
56	5764	5777	k
56	5783	5787	k
56	5798	5810	e
56	5812	5816	k
56	5824	5887	k
56	6010	6030	e
56	6198	6209	i
56	6233	6247	k
56	6567	6576	k
56	6577	6578	k
56	6581	6583	k
56	6586	6588	k
56	6593	6633	k
56	6646	6661	e
56	6662	6744	e
56	6954	6971	e
56	6975	6989	k
56	7092	7094	e
56	7111	7125	e
56	7146	7154	e
56	7191	7192	e
56	7228	7238	k
56	7241	7244	k
56	7245	7246	k
56	7247	7250	k
56	7252	7258	e
56	7259	7266	k
56	7267	7268	k
56	7269	7273	e
56	7274	7279	e
56	7309	7334	i
56	7339	7340	e
56	7408	7409	e
56	7414	7446	e
56	7447	7449	e
56	7454	7455	k
56	7457	7459	k
56	7489	7500	i
57	74	90	k
57	117	221	k
57	235	347	k
57	759	799	k
57	837	847	e
57	2286	2300	e
57	2499	2508	k
57	2583	2585	k
57	3201	3206	i
57	3402	3407	i
57	3511	3514	i
57	3515	3544	i
57	3562	3578	i
57	3622	3635	i
57	3664	3680	i
57	3715	3718	i
57	3744	3746	i
57	3753	3754	e
57	4403	4405	u
57	4406	4441	e
57	4473	4479	k
57	4480	4570	e
57	4577	4625	e
57	4641	4642	k
57	4643	4646	k
57	4648	4661	e
57	4701	4712	e
57	4746	4864	e
57	5130	5132	e
57	6505	6506	k
57	6507	6516	k
57	6963	6972	e
57	6973	6975	e
57	6995	6996	k
57	7014	7015	e
57	7016	7017	e
57	7039	7062	k
57	7293	7294	k
57	7297	7302	k
58	193	375	k
58	672	773	k
58	1062	1063	e
58	1064	1077	e
58	1139	1154	u
58	1423	1429	k
58	1430	1434	i
58	1446	1455	e
58	2709	2736	k
58	2781	2977	k
58	2998	3048	k
58	3081	3131	k
58	3163	3177	k
58	3201	3208	e
58	3653	3662	k
58	3700	3713	k
58	3799	3807	k
58	4048	4053	k
58	4153	4169	k
58	4207	4223	k
58	4269	4294	i
58	4514	4524	k
58	4569	4614	k
58	4624	4625	i
58	4772	4794	i
58	4957	4982	k
58	5000	5251	k
58	5296	5330	k
58	5350	5439	k
58	6231	6258	k
58	6419	6880	k
58	6901	7034	k
58	7340	7342	k
58	7343	7354	k
58	7465	7496	e
59	706	722	e
59	1089	1094	i
59	1250	1252	k
59	1310	1320	k
59	1484	1491	k
59	1514	1528	k
59	1796	1816	k
59	1871	1872	k
59	1873	1875	k
59	1876	1878	k
59	1962	1971	k
59	1976	1994	k
59	2104	2135	k
59	2254	2257	k
59	2415	2418	i
59	2762	2780	k
59	2854	2865	k
59	2977	2982	k
59	3283	3284	e
59	3764	3771	k
59	3949	3956	k
59	4683	4686	k
59	5566	5585	e
59	6221	6239	k
59	6875	6879	k
59	6887	6985	k
59	7077	7095	i
59	7346	7362	k
59	7366	7372	k
60	75	83	i
60	112	118	i
60	214	222	i
60	357	361	i
60	737	741	u
60	805	829	k
60	841	903	k
60	1046	1118	k
60	1163	1255	k
60	1274	1333	k
60	1359	1424	k
60	1582	1593	i
60	1711	1716	i
60	1742	1766	k
60	1791	1807	u
60	1837	1846	u
60	2042	2045	i
60	2152	2162	i
60	2210	2223	i
60	2326	2343	i
60	2615	2621	k
60	2811	2829	i
60	2981	2997	k
60	3010	3040	k
60	3384	3432	i
60	3454	3477	i
60	3497	3503	k
60	3547	3559	k
60	3589	3619	k
60	3645	3740	k
60	3825	3827	k
60	3832	3875	k
60	3967	3982	k
60	3984	3987	k
60	3989	4008	k
60	4026	4079	k
60	4133	4184	k
60	4185	4192	k
60	4196	4206	k
60	4219	4222	k
60	4237	4502	i
60	4520	4667	e
60	4698	4702	k
60	4721	4824	k
60	4886	4904	k
60	4905	4906	k
60	4910	4911	k
60	5213	5218	i
60	5405	5411	i
60	5891	5965	k
60	6033	6046	i
60	6131	6157	i
60	6180	6219	i
60	6532	6606	i
60	6735	6743	k
60	6967	6977	k
60	7250	7262	k
60	7263	7265	k
60	7323	7324	k
60	7327	7359	k
60	7390	7391	k
61	2	68	k
61	344	356	i
61	427	433	i
61	641	661	u
61	689	697	u
61	880	890	k
61	977	1099	k
61	1106	1147	u
61	1158	1237	k
61	1238	1258	k
61	1347	1365	k
61	1425	1434	k
61	1854	1876	k
61	1932	1937	k
61	1965	2027	k
61	2050	2087	k
61	2095	2157	e
61	2170	2222	i
61	2790	2793	e
61	2794	2811	e
61	2827	2857	e
61	2864	2870	k
61	2871	2873	k
61	3808	3924	k
61	4512	4517	k
61	4543	4562	i
61	4563	4574	i
61	4575	4580	e
61	4581	4585	e
61	4601	4632	k
61	5002	5009	k
61	5041	5042	k
61	5043	5087	e
61	5088	5090	e
61	5091	5108	e
61	5109	5110	e
61	5138	5209	k
61	5444	5450	e
61	5766	5772	i
61	5783	5811	e
61	5812	5822	e
61	5828	5897	k
61	6003	6114	k
61	6460	6510	k
61	6511	6512	e
61	6520	6521	e
61	6522	6523	e
61	6524	6542	k
61	6544	6557	k
61	6560	6576	e
61	6577	6578	e
61	6579	6604	e
61	6609	6622	k
61	6781	6784	i
61	6862	6863	k
61	6868	6871	k
61	7054	7088	k
61	7175	7192	k
61	7218	7229	e
61	7233	7234	e
61	7253	7255	i
61	7348	7354	k
61	7388	7412	k
61	7413	7500	k
62	20	25	e
62	89	114	i
62	128	131	i
62	197	206	u
62	264	266	k
62	500	544	k
62	551	553	e
62	569	619	e
62	670	672	k
62	720	728	k
62	729	731	k
62	750	804	e
62	811	840	e
62	876	877	u
62	880	882	u
62	883	884	k
62	885	886	k
62	887	888	k
62	1015	1029	e
62	1121	1122	i
62	1130	1155	e
62	1180	1205	e
62	1283	1285	k
62	1288	1289	k
62	1295	1296	k
62	1300	1306	k
62	1383	1419	e
62	1420	1421	e
62	1422	1424	e
62	1425	1430	e
62	1494	1498	k
62	1528	1536	e
62	1605	1607	e
62	1632	1634	k
62	1691	1716	i
62	2001	2025	k
62	2068	2093	i
62	2118	2224	k
62	2230	2252	k
62	2480	2512	k
62	2514	2530	e
62	2568	2574	e
62	2593	2594	k
62	2732	2746	e
62	2764	2771	k
62	2796	2830	e
62	2920	2921	e
62	2955	2957	u
62	3006	3015	k
62	3060	3085	k
62	3266	3267	k
62	3268	3271	k
62	3284	3309	e
62	3476	3510	i
62	3631	3639	k
62	3674	3675	k
62	3676	3686	e
62	3687	3691	e
62	3717	3749	k
62	3752	3762	k
62	3864	3927	e
62	3942	3946	e
62	3947	3988	k
62	5272	5312	i
62	5404	5449	k
62	5453	5463	k
62	5487	5552	k
62	5737	5752	e
62	5834	5851	e
62	5852	5885	e
62	6112	6156	e
62	6157	6254	e
62	6263	6264	e
62	6267	6298	e
62	6343	6370	e
62	6382	6407	k
62	6441	6447	e
62	6549	6574	e
62	6631	6656	i
62	6729	6733	e
62	6945	6946	i
62	6947	6954	i
62	6955	6972	k
62	7198	7220	e
62	7222	7223	e
62	7225	7226	k
62	7227	7229	k
62	7230	7239	i
62	7240	7286	i
62	7292	7317	e
62	7370	7388	u
62	7426	7427	i
63	110	120	e
63	1732	1762	i
63	1938	1942	e
63	3024	3190	k
63	3710	3795	k
63	3940	3959	k
63	5104	5106	k
63	6302	6393	k
63	6403	6406	k
63	6431	6476	k
63	6492	6519	k
63	6536	6551	k
63	6583	6600	k
63	6628	6648	k
63	6793	6807	k
63	6834	6852	k
63	6869	6918	k
63	7194	7239	k
63	7333	7477	k
64	433	439	k
64	467	562	k
64	791	928	e
64	935	937	e
64	938	941	e
64	947	948	e
64	949	984	k
64	1101	1211	k
64	1289	1444	k
64	1583	1631	k
64	1635	1647	e
64	1649	1652	e
64	1667	1788	e
64	2006	2150	e
64	2936	3081	e
64	3171	3286	k
64	3350	3356	i
64	3555	3642	k
64	3650	3670	k
64	3732	3779	k
64	3807	3833	k
64	3924	3951	k
64	3960	3978	k
64	4180	4188	k
64	4220	4287	k
64	4679	4690	k
64	5395	5402	i
64	5438	5460	k
64	5501	5504	k
64	5534	5540	k
64	5549	5590	k
64	5622	5638	k
64	5666	5675	k
64	5719	5746	k
64	5776	5796	k
64	5840	5900	k
64	5941	5967	k
64	5992	5998	k
64	6077	6083	k
64	6133	6139	k
64	6245	6281	k
64	6403	6423	i
64	6451	6461	k
64	6498	6764	k
64	7067	7080	k
64	7121	7132	k
64	7166	7209	k
64	7239	7288	k
64	7329	7375	i
65	1	14	k
65	34	56	i
65	481	486	i
65	1024	1042	i
65	2335	2347	i
65	2434	2444	k
65	2466	2475	i
65	2543	2578	i
65	2622	2695	i
65	2715	2768	k
65	2883	2893	k
65	2918	2924	k
65	2964	3026	e
65	3042	3071	k
65	3133	3140	k
65	3180	3224	i
65	3227	3275	i
65	3645	3680	k
65	3718	3755	i
65	4080	4085	k
65	4208	4216	i
65	4304	4307	i
65	4346	4353	i
65	4399	4493	k
65	4499	4526	k
65	4648	4666	i
65	4799	4832	i
65	4916	4936	i
65	4989	5009	i
65	5060	5086	i
65	5113	5142	i
65	5226	5265	k
65	5540	5541	e
65	5550	5551	e
65	5637	5696	k
65	5702	5744	i
65	5781	5787	i
65	5813	5814	i
65	5862	5890	i
65	5985	6098	e
65	6143	6180	k
65	6317	6329	k
65	6359	6367	k
65	6496	6585	i
65	6609	6669	i
65	6701	6704	k
65	6719	6744	i
65	6848	6858	i
65	6940	6960	i
65	7062	7111	k
65	7112	7169	i
65	7287	7290	k
65	7331	7340	k
65	7415	7500	k
66	425	470	k
66	504	534	k
66	561	584	k
66	602	625	k
66	680	699	k
66	756	766	k
66	1801	1806	k
66	1986	1988	k
66	2089	2093	k
66	2285	2286	k
66	3739	3765	k
66	4782	4787	e
66	4830	4852	e
66	5090	5118	e
66	5131	5136	u
66	5137	5139	u
66	6296	6302	i
66	6303	6310	i
66	6378	6379	e
66	6394	6397	e
66	6425	6429	e
66	6430	6432	e
66	6682	6686	k
66	6688	6689	k
66	6693	6695	k
66	6749	6793	k
66	7233	7265	k
66	7296	7362	k
66	7436	7445	k
66	7472	7498	k
66	7499	7500	k
67	43	52	e
67	531	540	e
67	590	600	i
67	642	643	e
67	904	924	e
67	1112	1118	u
67	1260	1308	k
67	1362	1371	e
67	1549	1572	i
67	1759	1770	i
67	3023	3071	i
67	3086	3160	i
67	3191	3246	i
67	3254	3278	k
67	3560	3578	k
67	3588	3589	k
67	3611	3795	k
67	4260	4269	i
67	4360	4375	e
67	4422	4439	e
67	4595	4661	k
67	4682	4694	k
67	4882	4887	e
67	4952	4968	e
67	5110	5114	u
67	5175	5241	u
67	5556	5564	e
67	5618	5627	e
67	5724	5740	k
67	5893	5912	i
67	5956	6001	k
67	6250	6252	i
67	6256	6308	i
67	6445	6471	k
67	6473	6474	k
67	6475	6476	k
67	6612	6628	e
67	6943	6960	k
67	6985	6994	e
67	7437	7500	e
68	811	818	i
68	1461	1470	k
68	2232	2233	e
68	2234	2239	e
68	2333	2354	e
68	2436	2459	e
68	2659	2682	k
68	2732	2741	e
68	2768	2802	i
68	2833	2860	i
68	2942	2972	k
68	3581	3684	k
68	3699	3704	k
68	3826	3999	k
68	4160	4246	k
68	4274	4448	k
68	4458	4476	k
68	4488	4505	k
68	4511	4521	k
68	4600	4706	k
68	4827	4845	k
68	4912	4929	e
68	5113	5132	k
68	5580	5709	k
68	5730	5737	k
68	5752	5779	k
68	5805	5887	k
68	5888	5889	k
68	6417	6431	k
68	6455	6481	k
68	6820	6905	k
68	7329	7336	k
68	7337	7369	k
68	7370	7456	k
69	1	50	k
69	72	183	k
69	237	245	e
69	590	618	e
69	841	888	i
69	1824	1831	e
69	2043	2057	u
69	2113	2121	k
69	2250	2261	i
69	2403	2410	e
69	2459	2481	e
69	3378	3399	k
69	3498	3508	k
69	3679	3690	k
69	3795	3821	k
69	3853	3855	k
69	4139	4156	k
69	4465	4505	i
69	4783	4787	k
69	5024	5057	i
69	5082	5092	i
69	5195	5218	i
69	5246	5253	i
69	6116	6130	k
69	6728	6734	k
69	6894	6908	k
69	6938	6943	k
69	7000	7004	k
69	7226	7229	e
69	7272	7281	k
69	7463	7466	k
70	1	4	k
70	32	105	k
70	112	158	k
70	233	253	e
70	294	353	k
70	569	574	k
70	796	805	k
70	820	832	k
70	848	916	k
70	1454	1463	k
70	1504	1510	k
70	1569	1580	k
70	1639	1687	k
70	1737	1799	k
70	1870	1894	k
70	1954	2000	k
70	2279	2418	k
70	2816	2908	k
70	2927	2946	k
70	3028	3041	k
70	3110	3154	k
70	3265	3376	i
70	3413	3443	i
70	3499	3506	k
70	3551	3558	i
70	3637	3640	k
70	3768	3777	u
70	4076	4094	k
70	4110	4114	k
70	4750	4820	k
70	4922	4935	k
70	5067	5130	k
70	5363	5387	k
70	5406	5492	k
70	5966	5967	k
70	6012	6137	k
70	6139	6146	e
70	6151	6238	k
70	6436	6451	k
70	6456	6461	k
70	6547	6637	k
70	6999	7004	k
70	7027	7127	e
70	7316	7318	e
70	7319	7320	e
70	7450	7457	k
71	96	125	e
71	147	210	e
71	273	284	e
71	315	380	e
71	381	425	k
71	431	542	e
71	567	568	e
71	569	570	e
71	574	613	k
71	734	735	k
71	738	743	e
71	768	785	e
71	795	820	k
71	821	865	e
71	870	871	k
71	913	927	e
71	1081	1082	e
71	1341	1342	e
71	1419	1430	e
71	1455	1478	e
71	1498	1501	e
71	2586	2590	e
71	2611	2615	k
71	2616	2617	k
71	2619	2620	k
71	2621	2623	k
71	2624	2680	k
71	2899	2904	k
71	2914	2918	k
71	2919	2920	k
71	2923	2924	k
71	2926	2929	k
71	3065	3066	e
71	3096	3104	e
71	3215	3279	e
71	3301	3310	e
71	3332	3334	k
71	3427	3512	k
71	3556	3620	k
71	3630	3660	k
71	3787	3788	e
71	3819	3820	e
71	3823	3824	e
71	3826	3830	e
71	3835	3836	e
71	3841	3844	e
71	3950	3953	e
71	4131	4163	e
71	4177	4198	e
71	4223	4226	e
71	4235	4260	i
71	4310	4357	e
71	4369	4374	e
71	4375	4376	e
71	4377	4384	e
71	4385	4396	e
71	4434	4462	e
71	4463	4465	e
71	4496	4498	e
71	4499	4538	e
71	4672	4690	e
71	4800	4804	e
71	4894	4903	e
71	5009	5028	e
71	5033	5058	e
71	5059	5060	k
71	5114	5117	e
71	5275	5276	e
71	5337	5355	e
71	5428	5465	e
71	5555	5557	k
71	5559	5562	k
71	5573	5574	k
71	5576	5596	e
71	5695	5758	k
71	5776	5809	k
71	5870	5903	k
71	6102	6126	i
71	6210	6211	e
71	6212	6220	k
71	6251	6268	k
71	6309	6317	k
71	6335	6351	k
71	6353	6354	k
71	6382	6392	u
71	6393	6394	u
71	6443	6502	e
71	6530	6533	k
71	6535	6537	k
71	6601	6602	k
71	6604	6605	k
71	6607	6619	k
71	6620	6629	u
71	6630	6632	u
71	6754	6761	e
71	6948	6964	k
71	7003	7014	e
71	7017	7029	e
71	7032	7046	u
71	7084	7095	e
71	7096	7097	e
71	7110	7111	e
71	7114	7117	i
71	7118	7119	i
71	7120	7121	e
71	7148	7155	u
71	7180	7213	k
71	7312	7333	i
71	7346	7384	i
71	7432	7500	u
72	1	2	k
72	224	227	k
72	228	232	k
72	262	281	k
72	282	283	k
72	1051	1310	e
72	1335	1342	k
72	1343	1489	k
72	1490	1502	i
72	1526	1631	k
72	1633	1662	k
72	1663	1707	k
72	1731	1758	k
72	1774	1786	k
72	1793	1899	k
72	2213	2214	k
72	2215	2220	k
72	2234	2256	k
72	2272	2288	k
72	2831	2834	k
72	2836	2856	i
72	2929	2945	e
72	2946	2979	e
72	2982	2987	e
72	3017	3044	k
72	3046	3129	k
72	3381	3393	k
72	3422	3441	k
72	3541	3582	k
72	3583	3654	k
72	3655	3681	k
72	3924	3940	e
72	3941	3945	e
72	4192	4207	i
72	4362	4370	e
72	4522	4535	e
72	4879	4904	i
72	4936	4988	i
72	5068	5069	k
72	5071	5110	e
72	5130	5133	e
72	5136	5247	e
72	5251	5258	k
72	6181	6270	k
72	6893	6934	i
72	7029	7032	k
72	7034	7073	k
72	7089	7108	u
72	7110	7115	u
72	7140	7148	k
72	7176	7225	k
72	7276	7285	i
72	7433	7438	i
72	7494	7500	i
73	1	6	i
73	274	275	k
73	277	279	k
73	320	325	e
73	442	454	k
73	1341	1385	k
73	1386	1495	e
73	1571	1623	e
73	1633	1744	k
73	1771	1831	k
73	2365	2372	i
73	3335	3372	e
73	3507	3563	k
73	3564	3568	k
73	3571	3584	e
73	3599	3610	e
73	3699	3725	e
73	3855	3880	e
73	3978	3979	e
73	3981	3985	e
73	3986	3992	e
73	3993	3994	e
73	3995	4002	e
73	4008	4017	i
73	4053	4060	i
73	4095	4099	i
73	4100	4101	i
73	4126	4151	i
73	4206	4224	e
73	4248	4249	i
73	4250	4251	i
73	4252	4253	i
73	4266	4267	i
73	4498	4506	i
73	4571	4576	i
73	4632	4645	e
73	4670	4703	e
73	4707	4728	k
73	4729	4730	k
73	4752	4760	k
73	4772	4774	k
73	4786	4792	u
73	4793	4799	u
73	4814	4829	e
73	4832	4833	k
73	4834	4900	e
73	4906	4931	k
73	4941	4973	k
73	5095	5099	e
73	5235	5274	k
73	5281	5306	e
73	5514	5518	e
73	5638	5640	u
73	5721	5746	e
73	5890	5891	e
73	5892	5893	i
73	6125	6222	k
73	6227	6265	k
73	6292	6293	k
73	6297	6298	k
73	6299	6305	k
73	6496	6501	k
73	6761	6764	k
73	6961	6990	k
73	7035	7060	e
73	7081	7106	e
73	7131	7179	k
73	7271	7281	i
73	7369	7402	i
73	7414	7419	i
74	601	649	k
74	683	815	k
74	826	834	k
74	839	847	k
74	864	932	k
74	1413	1461	k
74	1516	1539	k
74	1580	1745	k
74	1815	1829	k
74	1850	1855	k
74	1869	2114	k
74	2138	2537	k
74	2548	2604	k
74	2621	2760	k
74	3694	3698	k
74	3735	3745	k
74	3772	3798	k
74	3823	3857	e
74	3860	3901	e
74	4235	4240	k
74	4342	4358	k
74	4406	4568	e
74	4581	4589	e
74	4666	4680	i
74	5204	5207	k
74	5955	5960	i
74	6103	6117	k
74	6192	6195	k
74	7103	7118	k
74	7331	7351	i
74	7420	7432	i
